0
1
2
3
4
5
6
7
8
9
10
11
12
13
53
54
55
56
57
58
59
60
61
62
63
64
65
66
106
107
108
109
110
111
112
113
114
115
116
117
118
119
159
160
161
162
163
164
165
166
167
168
169
170
171
172
212
213
214
215
216
217
218
219
220
221
222
223
224
225
265
266
267
268
269
270
271
272
273
274
275
276
277
278
318
319
320
321
322
323
324
325
326
327
328
329
330
331
371
372
373
374
375
376
377
378
379
380
381
382
383
384
424
425
426
427
428
429
430
431
432
433
434
435
436
437
477
478
479
480
481
482
483
484
485
486
487
488
489
490
530
531
532
533
534
535
536
537
538
539
540
541
542
543
583
584
585
586
587
588
589
590
591
592
593
594
595
596
636
637
638
639
640
641
642
643
644
645
646
647
648
649
689
690
691
692
693
694
695
696
697
698
699
700
701
702
742
743
744
745
746
747
748
749
750
751
752
753
754
755
795
796
797
798
799
800
801
802
803
804
805
806
807
808
848
849
850
851
852
853
854
855
856
857
858
859
860
861
901
902
903
904
905
906
907
908
909
910
911
912
913
914
954
955
956
957
958
959
960
961
962
963
964
965
966
967
1007
1008
1009
1010
1011
1012
1013
1014
1015
1016
1017
1018
1019
1020
1060
1061
1062
1063
1064
1065
1066
1067
1068
1069
1070
1071
1072
1073
1113
1114
1115
1116
1117
1118
1119
1120
1121
1122
1123
1124
1125
1126
1166
1167
1168
1169
1170
1171
1172
1173
1174
1175
1176
1177
1178
1179
1219
1220
1221
1222
1223
1224
1225
1226
1227
1228
1229
1230
1231
1232
1272
1273
1274
1275
1276
1277
1278
1279
1280
1281
1282
1283
1284
1285
1325
1326
1327
1328
1329
1330
1331
1332
1333
1334
1335
1336
1337
1338
